key,total,min,max
year1898_month01,0.0,0.0,0.0
year1898_month02,0.0,0.0,0.0
year1898_month03,821.4,0.0,222.5
year1898_month04,214.5000000000001,0.0,40.9
year1898_month05,83.5,0.0,32.0
year1898_month06,18.700000000000003,0.0,8.4
year1898_month07,31.000000000000004,0.0,6.1
year1898_month08,124.4,0.0,29.2
year1898_month09,0.0,0.0,0.0
year1898_month10,5.1,0.0,3.3
year1898_month11,18.0,0.0,15.7
year1898_month12,71.39999999999999,0.0,30.7
year1899_month01,234.29999999999998,0.0,43.9
year1899_month02,253.40000000000003,0.0,61.5
year1899_month03,1212.6999999999998,0.0,358.6
year1899_month04,204.49999999999997,0.0,34.3
year1899_month05,82.79999999999998,0.0,15.7
year1899_month06,30.700000000000003,0.0,18.8
year1899_month07,65.8,0.0,24.6
year1899_month08,44.8,0.0,21.1
year1899_month09,77.30000000000001,0.0,10.2
year1899_month10,9.399999999999999,0.0,5.6
year1899_month11,16.8,0.0,7.4
year1899_month12,70.49999999999999,0.0,25.1
year1900_month01,962.5999999999998,0.0,219.7
year1900_month02,26.7,0.0,13.2
year1900_month03,215.4000000000001,0.0,47.2
year1900_month04,88.9,0.0,24.4
year1900_month05,102.09999999999998,0.0,26.7
year1900_month06,57.8,0.0,34.3
year1900_month07,12.3,0.0,5.3
year1900_month08,1.3,0.0,1.0
year1900_month09,51.6,0.0,25.4
year1900_month10,38.8,0.0,15.7
year1900_month11,20.8,0.0,9.9
year1900_month12,69.6,0.0,16.3
year1901_month01,371.00000000000006,0.0,156.5
year1901_month02,598.6999999999998,0.0,154.7
year1901_month03,300.09999999999997,0.0,46.5
year1901_month04,213.29999999999998,0.0,77.5
year1901_month05,337.7,0.0,69.3
year1901_month06,25.200000000000003,0.0,14.5
year1901_month07,20.799999999999997,0.0,15.2
year1901_month08,54.4,0.0,13.0
year1901_month09,45.900000000000006,0.0,15.5
year1901_month10,60.699999999999996,0.0,37.8
year1901_month11,103.3,0.0,38.1
year1901_month12,12.7,0.0,7.6
year1902_month01,122.0,0.0,54.6
year1902_month02,294.0,0.0,121.4
year1902_month03,272.7,0.0,98.6
year1902_month04,95.19999999999999,0.0,18.8
year1902_month05,84.8,0.0,16.5
year1902_month06,135.29999999999998,0.0,24.6
year1902_month07,144.2,0.0,68.3
year1902_month08,34.3,0.0,9.4
year1902_month09,0.0,0.0,0.0
year1902_month10,6.3999999999999995,0.0,5.3
year1902_month11,39.099999999999994,0.0,21.3
year1902_month12,64.30000000000001,0.0,23.4
year1903_month01,459.90000000000003,0.0,123.2
year1903_month02,275.7,0.0,104.1
year1903_month03,1061.8999999999999,0.0,248.2
year1903_month04,578.4,0.0,359.7
year1903_month05,56.300000000000004,0.0,10.9
year1903_month06,16.0,0.0,9.4
year1903_month07,34.3,0.0,9.7
year1903_month08,46.2,0.0,17.8
year1903_month09,14.799999999999999,0.0,5.6
year1903_month10,0.0,0.0,0.0
year1903_month11,118.0,0.0,53.3
year1903_month12,393.90000000000003,0.0,164.8
year1904_month01,149.0,0.0,53.8
year1904_month02,88.39999999999999,0.0,26.2
year1904_month03,590.1,0.0,184.7
year1904_month04,324.80000000000007,0.0,80.0
year1904_month05,51.3,0.0,23.6
year1904_month06,0.0,0.0,0.0
year1904_month07,3.8,0.0,3.8
year1904_month08,32.6,0.0,14.0
year1904_month09,8.1,0.0,8.1
year1904_month10,48.49999999999999,0.0,28.4
year1904_month11,2.0,0.0,2.0
year1904_month12,356.0,0.0,159.8
year1905_month01,806.6999999999998,0.0,208.8
year1905_month02,154.2,0.0,67.3
year1905_month03,125.5,0.0,32.8
year1905_month04,250.8,0.0,66.0
year1905_month05,154.0,0.0,32.3
year1905_month06,73.89999999999999,0.0,21.3
year1905_month07,36.0,0.0,12.4
year1905_month08,76.5,0.0,23.4
year1905_month09,0.0,0.0,0.0
year1905_month10,8.8,0.0,5.8
year1905_month11,33.0,0.0,12.2
year1905_month12,13.2,0.0,10.2
year1906_month01,186.90000000000003,0.0,79.5
year1906_month02,281.1,0.0,50.0
year1906_month03,405.3,0.0,110.2
year1906_month04,107.79999999999998,0.0,16.8
year1906_month05,142.20000000000002,0.0,33.0
year1906_month06,125.5,0.0,30.7
year1906_month07,70.4,0.0,19.6
year1906_month08,72.8,0.0,11.9
year1906_month09,70.69999999999999,0.0,21.6
year1906_month10,13.399999999999999,0.0,6.6
year1906_month11,230.2,0.0,55.9
year1906_month12,211.79999999999995,0.0,33.3
year1907_month01,515.5999999999999,0.0,92.5
year1907_month02,280.00000000000006,0.0,48.0
year1907_month03,120.7,0.0,31.8
year1907_month04,64.80000000000001,0.0,16.0
year1907_month05,265.50000000000006,0.0,53.3
year1907_month06,123.2,0.0,40.6
year1907_month07,7.6,0.0,7.6
year1907_month08,19.5,0.0,11.7
year1907_month09,23.6,0.0,11.4
year1907_month10,6.699999999999999,0.0,2.3
year1907_month11,39.6,0.0,7.1
year1907_month12,657.1,0.0,156.5
year1908_month01,569.9000000000001,0.0,247.1
year1908_month02,185.2,0.0,101.3
year1908_month03,631.4000000000001,0.0,128.0
year1908_month04,122.79999999999998,0.0,21.8
year1908_month05,82.60000000000001,0.0,31.8
year1908_month06,7.3999999999999995,0.0,5.6
year1908_month07,166.0,0.0,62.5
year1908_month08,59.7,0.0,22.9
year1908_month09,38.3,0.0,28.4
year1908_month10,173.29999999999998,0.0,102.1
year1908_month11,41.1,0.0,15.5
year1908_month12,42.99999999999999,0.0,14.0
year1909_month01,651.5000000000001,0.0,314.2
year1909_month02,95.5,0.0,33.5
year1909_month03,332.9,0.0,81.3
year1909_month04,122.2,0.0,43.9
year1909_month05,36.800000000000004,0.0,18.8
year1909_month06,66.8,0.0,21.8
year1909_month07,20.299999999999997,0.0,13.7
year1909_month08,66.0,0.0,20.3
year1909_month09,3.8,0.0,3.8
year1909_month10,90.69999999999999,0.0,27.9
year1909_month11,209.8,0.0,30.5
year1909_month12,480.00000000000006,0.0,160.8
year1910_month01,838.7000000000002,0.0,238.8
year1910_month02,477.29999999999995,0.0,148.6
year1910_month03,433.29999999999995,0.0,92.7
year1910_month04,450.3,0.0,135.1
year1910_month05,110.39999999999999,0.0,39.6
year1910_month06,190.1,0.0,44.5
year1910_month07,0.0,0.0,0.0
year1910_month08,91.30000000000001,0.0,14.0
year1910_month09,32.0,0.0,10.2
year1910_month10,45.49999999999999,0.0,19.3
year1910_month11,93.6,0.0,25.9
year1910_month12,309.2,0.0,205.7
year1911_month01,997.1999999999997,0.0,272.3
year1911_month02,698.8,0.0,414.0
year1911_month03,1264.1,0.0,472.4
year1911_month04,1840.7000000000003,0.0,731.5
year1911_month05,48.39999999999999,0.0,14.0
year1911_month06,13.6,0.0,3.8
year1911_month07,19.200000000000003,0.0,8.9
year1911_month08,0.0,0.0,0.0
year1911_month09,0.0,0.0,0.0
year1911_month10,0.0,0.0,0.0
year1911_month11,7.8999999999999995,0.0,4.1
year1911_month12,32.0,0.0,17.8
year1912_month01,84.60000000000001,0.0,59.7
year1912_month02,291.3,0.0,41.9
year1912_month03,410.0,0.0,102.9
year1912_month04,95.9,0.0,29.7
year1912_month05,152.9,0.0,24.6
year1912_month06,231.8,0.0,129.5
year1912_month07,29.5,0.0,11.9
year1912_month08,83.8,0.0,30.5
year1912_month09,16.4,0.0,9.1
year1912_month10,86.6,0.0,34.5
year1912_month11,43.2,0.0,12.7
year1912_month12,34.0,0.0,16.8
year1913_month01,810.7,0.0,415.0
year1913_month02,635.3,0.0,385.6
year1913_month03,655.2,0.0,147.6
year1913_month04,231.19999999999996,0.0,66.0
year1913_month05,217.0,0.0,165.4
year1913_month06,21.5,0.0,15.2
year1913_month07,5.8,0.0,5.8
year1913_month08,3.0,0.0,3.0
year1913_month09,5.1,0.0,3.3
year1913_month10,51.1,0.0,30.5
year1913_month11,0.0,0.0,0.0
year1913_month12,486.4,0.0,138.4
year1914_month01,769.0,0.0,216.4
year1914_month02,471.59999999999997,0.0,162.6
year1914_month03,407.6,0.0,101.6
year1914_month04,232.0,0.0,61.0
year1914_month05,138.79999999999998,0.0,36.8
year1914_month06,103.7,0.0,47.0
year1914_month07,23.9,0.0,12.7
year1914_month08,121.69999999999999,0.0,38.1
year1914_month09,95.8,0.0,21.1
year1914_month10,78.6,0.0,13.0
year1914_month11,107.79999999999998,0.0,24.1
year1914_month12,129.4,0.0,31.2
year1915_month01,72.69999999999999,0.0,20.3
year1915_month02,129.0,0.0,50.8
year1915_month03,69.0,0.0,35.1
year1915_month04,70.69999999999999,0.0,17.8
year1915_month05,51.3,0.0,15.7
year1915_month06,50.900000000000006,0.0,21.3
year1915_month07,93.19999999999999,0.0,51.3
year1915_month08,0.0,0.0,0.0
year1915_month09,0.0,0.0,0.0
year1915_month10,5.6,0.0,3.8
year1915_month11,32.2,0.0,19.1
year1915_month12,169.20000000000002,0.0,38.6
year1916_month01,654.0999999999999,0.0,283.2
year1916_month02,185.60000000000002,0.0,50.8
year1916_month03,92.59999999999998,0.0,24.1
year1916_month04,148.4,0.0,56.6
year1916_month05,98.89999999999998,0.0,22.6
year1916_month06,44.300000000000004,0.0,15.2
year1916_month07,136.79999999999998,0.0,22.9
year1916_month08,84.4,0.0,24.9
year1916_month09,90.9,0.0,23.4
year1916_month10,86.89999999999999,0.0,17.8
year1916_month11,25.4,0.0,15.2
year1916_month12,643.0999999999999,0.0,221.2
year1917_month01,113.3,0.0,36.3
year1917_month02,240.9,0.0,55.4
year1917_month03,266.4,0.0,48.8
year1917_month04,150.50000000000003,0.0,59.4
year1917_month05,95.0,0.0,40.6
year1917_month06,22.599999999999998,0.0,7.4
year1917_month07,0.0,0.0,0.0
year1917_month08,49.5,0.0,14.7
year1917_month09,11.9,0.0,11.9
year1917_month10,79.99999999999999,0.0,40.6
year1917_month11,202.6,0.0,57.9
year1917_month12,245.29999999999998,0.0,74.2
year1918_month01,214.10000000000002,0.0,48.5
year1918_month02,310.50000000000006,0.0,74.9
year1918_month03,235.3,0.0,50.8
year1918_month04,229.70000000000002,0.0,91.4
year1918_month05,71.9,0.0,16.8
year1918_month06,6.9,0.0,6.9
year1918_month07,60.5,0.0,15.7
year1918_month08,117.69999999999999,0.0,55.9
year1918_month09,1.0,0.0,1.0
year1918_month10,6.6,0.0,4.1
year1918_month11,28.0,0.0,14.0
year1918_month12,144.9,0.0,30.5
year1919_month01,325.4,0.0,200.7
year1919_month02,197.99999999999997,0.0,83.8
year1919_month03,104.1,0.0,63.5
year1919_month04,372.4000000000001,0.0,152.4
year1919_month05,80.0,0.0,25.4
year1919_month06,59.1,0.0,21.1
year1919_month07,68.30000000000001,0.0,43.2
year1919_month08,34.1,0.0,17.8
year1919_month09,72.10000000000001,0.0,35.6
year1919_month10,2.3,0.0,2.3
year1919_month11,30.0,0.0,13.5
year1919_month12,17.7,0.0,15.2
year1920_month01,426.8,0.0,141.0
year1920_month02,387.1,0.0,137.9
year1920_month03,194.49999999999997,0.0,72.4
year1920_month04,443.09999999999997,0.0,208.8
year1920_month05,395.1,0.0,128.3
year1920_month06,75.5,0.0,31.0
year1920_month07,122.1,0.0,78.7
year1920_month08,6.4,0.0,6.4
year1920_month09,30.200000000000003,0.0,7.6
year1920_month10,36.599999999999994,0.0,12.7
year1920_month11,122.89999999999998,0.0,30.5
year1920_month12,183.3,0.0,55.9
year1921_month01,278.40000000000003,0.0,124.5
year1921_month02,353.0,0.0,83.8
year1921_month03,722.9000000000002,0.0,194.3
year1921_month04,547.3000000000001,0.0,214.6
year1921_month05,118.09999999999998,0.0,29.5
year1921_month06,245.5,0.0,113.8
year1921_month07,50.8,0.0,21.6
year1921_month08,49.699999999999996,0.0,16.5
year1921_month09,56.8,0.0,24.6
year1921_month10,90.69999999999999,0.0,20.3
year1921_month11,63.8,0.0,26.4
year1921_month12,330.5,0.0,125.7
year1922_month01,149.29999999999998,0.0,81.3
year1922_month02,427.6,0.0,177.8
year1922_month03,352.8,0.0,132.1
year1922_month04,326.29999999999995,0.0,76.2
year1922_month05,113.80000000000001,0.0,32.8
year1922_month06,76.19999999999999,0.0,34.5
year1922_month07,90.7,0.0,57.2
year1922_month08,20.799999999999997,0.0,13.2
year1922_month09,26.7,0.0,13.5
year1922_month10,30.8,0.0,8.9
year1922_month11,1.5,0.0,1.5
year1922_month12,116.89999999999999,0.0,52.8
year1923_month01,102.89999999999999,0.0,24.4
year1923_month02,192.60000000000002,0.0,116.8
year1923_month03,611.1,0.0,218.4
year1923_month04,136.70000000000002,0.0,50.0
year1923_month05,19.8,0.0,12.4
year1923_month06,70.6,0.0,60.2
year1923_month07,15.7,0.0,9.9
year1923_month08,23.4,0.0,9.7
year1923_month09,0.0,0.0,0.0
year1923_month10,2.5,0.0,2.5
year1923_month11,11.700000000000001,0.0,9.9
year1923_month12,109.19999999999999,0.0,39.4
year1924_month01,264.59999999999997,0.0,148.8
year1924_month02,210.79999999999998,0.0,48.3
year1924_month03,272.79999999999995,0.0,55.9
year1924_month04,330.90000000000003,0.0,155.7
year1924_month05,130.6,0.0,30.5
year1924_month06,52.69999999999999,0.0,16.5
year1924_month07,69.80000000000001,0.0,20.1
year1924_month08,85.5,0.0,41.1
year1924_month09,44.900000000000006,0.0,14.2
year1924_month10,2.5,0.0,2.5
year1924_month11,192.8,0.0,80.5
year1924_month12,247.99999999999997,0.0,110.2
year1925_month01,336.99999999999994,0.0,83.8
year1925_month02,378.90000000000003,0.0,91.2
year1925_month03,762.7,0.0,139.4
year1925_month04,237.89999999999995,0.0,50.8
year1925_month05,0.0,0.0,0.0
year1925_month06,137.3,0.0,38.6
year1925_month07,21.9,0.0,17.8
year1925_month08,0.0,0.0,0.0
year1925_month09,0.0,0.0,0.0
year1925_month10,0.0,0.0,0.0
year1925_month11,21.799999999999997,0.0,14.2
year1925_month12,17.799999999999997,0.0,9.1
year1926_month01,414.8999999999999,0.0,134.6
year1926_month02,93.69999999999999,0.0,33.3
year1926_month03,205.39999999999998,0.0,35.6
year1926_month04,224.50000000000003,0.0,88.4
year1926_month05,22.8,0.0,18.5
year1926_month06,25.9,0.0,11.4
year1926_month07,10.399999999999999,0.0,7.1
year1926_month08,39.7,0.0,13.7
year1926_month09,144.2,0.0,28.4
year1926_month10,0.0,0.0,0.0
year1926_month11,23.799999999999997,0.0,12.4
year1926_month12,161.20000000000002,0.0,27.4
year1927_month01,428.3,0.0,127.0
year1927_month02,788.5999999999999,0.0,276.9
year1927_month03,186.4,0.0,54.1
year1927_month04,283.8,0.0,152.4
year1927_month05,46.800000000000004,0.0,12.7
year1927_month06,53.8,0.0,22.1
year1927_month07,72.2,0.0,22.9
year1927_month08,0.0,0.0,0.0
year1927_month09,35.3,0.0,12.7
year1927_month10,52.3,0.0,20.3
year1927_month11,8.700000000000001,0.0,6.9
year1927_month12,92.6,0.0,25.9
year1928_month01,101.39999999999999,0.0,45.7
year1928_month02,407.6,0.0,91.4
year1928_month03,461.2000000000001,0.0,256.5
year1928_month04,47.3,0.0,31.0
year1928_month05,65.7,0.0,20.6
year1928_month06,19.3,0.0,17.3
year1928_month07,55.9,0.0,14.7
year1928_month08,14.0,0.0,8.9
year1928_month09,0.0,0.0,0.0
year1928_month10,9.9,0.0,7.9
year1928_month11,221.40000000000003,0.0,83.8
year1928_month12,65.89999999999999,0.0,28.4
year1929_month01,632.6999999999999,0.0,215.1
year1929_month02,811.3,0.0,286.0
year1929_month03,243.49999999999997,0.0,58.2
year1929_month04,85.4,0.0,41.1
year1929_month05,28.7,0.0,26.2
year1929_month06,36.0,0.0,18.5
year1929_month07,24.4,0.0,12.2
year1929_month08,20.299999999999997,0.0,8.6
year1929_month09,35.5,0.0,9.1
year1929_month10,0.0,0.0,0.0
year1929_month11,60.3,0.0,42.4
year1929_month12,90.5,0.0,32.3
year1930_month01,1192.3999999999999,0.0,277.9
year1930_month02,320.8,0.0,128.3
year1930_month03,197.7,0.0,95.3
year1930_month04,32.8,0.0,8.1
year1930_month05,177.70000000000002,0.0,45.7
year1930_month06,46.00000000000001,0.0,16.8
year1930_month07,64.2,0.0,15.7
year1930_month08,9.2,0.0,3.6
year1930_month09,25.4,0.0,20.8
year1930_month10,366.1,0.0,172.7
year1930_month11,29.0,0.0,10.7
year1930_month12,159.10000000000002,0.0,61.0
year1931_month01,413.20000000000005,0.0,249.4
year1931_month02,133.1,0.0,96.0
year1931_month03,163.3,0.0,37.6
year1931_month04,303.6,0.0,134.6
year1931_month05,110.7,0.0,53.1
year1931_month06,163.40000000000003,0.0,44.5
year1931_month07,44.199999999999996,0.0,15.2
year1931_month08,33.6,0.0,9.7
year1931_month09,21.1,0.0,12.2
year1931_month10,131.0,0.0,62.2
year1931_month11,85.4,0.0,53.1
year1931_month12,327.4,0.0,131.6
year1932_month01,755.6,0.0,332.2
year1932_month02,121.0,0.0,37.1
year1932_month03,360.00000000000006,0.0,95.0
year1932_month04,10.899999999999999,0.0,4.6
year1932_month05,322.80000000000007,0.0,47.8
year1932_month06,42.6,0.0,34.0
year1932_month07,52.900000000000006,0.0,14.0
year1932_month08,81.8,0.0,31.0
year1932_month09,8.399999999999999,0.0,5.6
year1932_month10,4.3,0.0,2.3
year1932_month11,0.0,0.0,0.0
year1932_month12,319.5,0.0,163.3
year1933_month01,155.60000000000002,0.0,47.0
year1933_month02,709.6,0.0,208.8
year1933_month03,272.79999999999995,0.0,140.5
year1933_month04,545.4,0.0,111.3
year1933_month05,98.60000000000001,0.0,29.7
year1933_month06,146.09999999999997,0.0,34.3
year1933_month07,18.799999999999997,0.0,13.2
year1933_month08,101.3,0.0,30.0
year1933_month09,52.0,0.0,18.3
year1933_month10,39.4,0.0,14.7
year1933_month11,211.5,0.0,68.6
year1933_month12,232.8,0.0,86.6
year1934_month01,679.3999999999999,0.0,122.4
year1934_month02,665.9,0.0,170.4
year1934_month03,702.1,0.0,310.9
year1934_month04,258.4,0.0,57.4
year1934_month05,102.1,0.0,31.2
year1934_month06,56.99999999999999,0.0,23.4
year1934_month07,43.2,0.0,13.5
year1934_month08,20.8,0.0,11.9
year1934_month09,50.199999999999996,0.0,16.0
year1934_month10,53.099999999999994,0.0,19.3
year1934_month11,112.19999999999999,0.0,29.2
year1934_month12,0.0,0.0,0.0
year1935_month01,238.2,0.0,94.0
year1935_month02,276.5,0.0,203.7
year1935_month03,788.4000000000001,0.0,252.0
year1935_month04,85.69999999999999,0.0,27.9
year1935_month05,211.0,0.0,61.2
year1935_month06,18.8,0.0,18.8
year1935_month07,160.29999999999998,0.0,154.7
year1935_month08,53.800000000000004,0.0,16.5
year1935_month09,0.0,0.0,0.0
year1935_month10,186.60000000000002,0.0,62.5
year1935_month11,86.10000000000001,0.0,18.3
year1935_month12,12.899999999999999,0.0,7.1
year1936_month01,375.5,0.0,67.8
year1936_month02,831.9999999999998,0.0,193.0
year1936_month03,262.8,0.0,61.5
year1936_month04,224.3,0.0,51.6
year1936_month05,140.9,0.0,25.4
year1936_month06,250.7,0.0,88.9
year1936_month07,55.39999999999999,0.0,24.1
year1936_month08,0.0,0.0,0.0
year1936_month09,152.10000000000002,0.0,44.7
year1936_month10,9.4,0.0,9.4
year1936_month11,37.2,0.0,13.5
year1936_month12,189.5,0.0,34.5
year1937_month01,190.59999999999997,0.0,37.1
year1937_month02,125.69999999999997,0.0,60.2
year1937_month03,329.1,0.0,94.7
year1937_month04,144.29999999999998,0.0,131.1
year1937_month05,40.4,0.0,40.4
year1937_month06,0.0,0.0,0.0
year1937_month07,52.8,0.0,17.8
year1937_month08,25.299999999999997,0.0,11.4
year1937_month09,39.900000000000006,0.0,18.3
year1937_month10,19.8,0.0,19.8
year1937_month11,92.0,0.0,51.1
year1937_month12,111.2,0.0,80.0
year1938_month01,0.0,0.0,0.0
year1938_month02,0.0,0.0,0.0
year1938_month03,0.0,0.0,0.0
year1938_month04,0.0,0.0,0.0
year1938_month05,0.0,0.0,0.0
year1938_month06,0.0,0.0,0.0
year1938_month07,0.0,0.0,0.0
year1938_month08,0.0,0.0,0.0
year1938_month09,0.0,0.0,0.0
year1938_month10,0.0,0.0,0.0
year1938_month11,0.0,0.0,0.0
year1938_month12,0.0,0.0,0.0
year1939_month01,0.0,0.0,0.0
year1939_month02,0.0,0.0,0.0
year1939_month03,0.0,0.0,0.0
year1939_month04,0.0,0.0,0.0
year1939_month05,0.0,0.0,0.0
year1939_month06,0.0,0.0,0.0
year1939_month07,0.0,0.0,0.0
year1939_month08,0.0,0.0,0.0
year1939_month09,0.0,0.0,0.0
year1939_month10,0.0,0.0,0.0
year1939_month11,0.0,0.0,0.0
year1939_month12,0.0,0.0,0.0
year1940_month01,0.0,0.0,0.0
year1940_month02,0.0,0.0,0.0
year1940_month03,0.0,0.0,0.0
year1940_month04,101.69999999999999,0.0,24.9
year1940_month05,60.400000000000006,0.0,17.8
year1940_month06,144.2,0.0,43.2
year1940_month07,37.300000000000004,0.0,10.9
year1940_month08,17.4,0.0,7.1
year1940_month09,0.0,0.0,0.0
year1940_month10,0.0,0.0,0.0
year1940_month11,0.0,0.0,0.0
year1940_month12,0.0,0.0,0.0
year1941_month01,0.0,0.0,0.0
year1941_month02,0.0,0.0,0.0
year1941_month03,0.0,0.0,0.0
year1941_month04,0.0,0.0,0.0
year1941_month05,0.0,0.0,0.0
year1941_month06,0.0,0.0,0.0
year1941_month07,0.0,0.0,0.0
year1941_month08,0.0,0.0,0.0
year1941_month09,0.0,0.0,0.0
year1941_month10,0.0,0.0,0.0
year1941_month11,0.0,0.0,0.0
year1941_month12,121.89999999999999,0.0,65.8
year1942_month01,71.60000000000001,0.0,19.3
year1942_month02,230.29999999999998,0.0,45.7
year1942_month03,158.0,0.0,50.0
year1942_month04,206.5,0.0,61.0
year1942_month05,202.10000000000002,0.0,63.5
year1942_month06,163.9,0.0,33.0
year1942_month07,30.9,0.0,13.2
year1942_month08,7.9,0.0,6.4
year1942_month09,76.7,0.0,43.2
year1942_month10,9.4,0.0,5.6
year1942_month11,75.49999999999999,0.0,45.7
year1942_month12,474.49999999999994,0.0,129.5
year1943_month01,124.49999999999999,0.0,40.6
year1943_month02,630.6999999999999,0.0,190.5
year1943_month03,167.5,0.0,59.7
year1943_month04,69.8,0.0,12.7
year1943_month05,38.4,0.0,10.9
year1943_month06,29.700000000000003,0.0,21.8
year1943_month07,2.6,0.0,1.3
year1943_month08,0.0,0.0,0.0
year1943_month09,101.0,0.0,40.6
year1943_month10,28.0,0.0,13.5
year1943_month11,9.4,0.0,3.8
year1943_month12,104.89999999999999,0.0,43.2
year1944_month01,106.4,0.0,22.9
year1944_month02,691.5000000000001,0.0,139.7
year1944_month03,272.7,0.0,92.7
year1944_month04,92.19999999999999,0.0,38.1
year1944_month05,10.7,0.0,10.7
year1944_month06,124.2,0.0,43.9
year1944_month07,99.4,0.0,44.5
year1944_month08,30.099999999999998,0.0,13.5
year1944_month09,81.79999999999998,0.0,16.5
year1944_month10,56.2,0.0,17.8
year1944_month11,29.7,0.0,15.2
year1944_month12,121.79999999999998,0.0,32.5
year1945_month01,564.0,0.0,210.8
year1945_month02,853.6,0.0,274.3
year1945_month03,1297.5,0.0,184.2
year1945_month04,207.89999999999998,0.0,65.8
year1945_month05,205.29999999999998,0.0,95.3
year1945_month06,68.29999999999998,0.0,23.4
year1945_month07,90.9,0.0,14.0
year1945_month08,5.6,0.0,3.6
year1945_month09,1.3,0.0,1.3
year1945_month10,22.9,0.0,12.7
year1945_month11,40.2,0.0,7.6
year1945_month12,263.49999999999994,0.0,114.3
year1946_month01,280.4000000000001,0.0,88.9
year1946_month02,496.40000000000003,0.0,86.4
year1946_month03,214.70000000000002,0.0,102.9
year1946_month04,21.6,0.0,12.2
year1946_month05,65.0,0.0,15.2
year1946_month06,32.7,0.0,19.8
year1946_month07,30.3,0.0,16.0
year1946_month08,3.0,0.0,3.0
year1946_month09,2.6,0.0,1.3
year1946_month10,8.4,0.0,7.9
year1946_month11,22.4,0.0,14.7
year1946_month12,24.9,0.0,15.2
year1947_month01,94.10000000000001,0.0,20.8
year1947_month02,504.2000000000001,0.0,186.7
year1947_month03,302.49999999999994,0.0,64.8
year1947_month04,120.2,0.0,43.9
year1947_month05,129.2,0.0,38.1
year1947_month06,68.8,0.0,15.2
year1947_month07,51.800000000000004,0.0,14.7
year1947_month08,219.0,0.0,131.6
year1947_month09,90.9,0.0,61.0
year1947_month10,70.9,0.0,15.2
year1947_month11,109.0,0.0,55.9
year1947_month12,39.3,0.0,15.7
year1948_month01,512.5,0.0,141.7
year1948_month02,159.29999999999998,0.0,52.1
year1948_month03,360.70000000000005,0.0,88.9
year1948_month04,84.7,0.0,19.1
year1948_month05,48.99999999999999,0.0,13.7
year1948_month06,139.1,0.0,51.3
year1948_month07,112.39999999999998,0.0,39.9
year1948_month08,64.0,0.0,19.8
year1948_month09,0.0,0.0,0.0
year1948_month10,0.0,0.0,0.0
year1948_month11,29.2,0.0,9.7
year1948_month12,156.70000000000002,0.0,95.5
year1949_month01,347.99999999999994,0.0,94.5
year1949_month02,574.4999999999999,0.0,190.0
year1949_month03,454.00000000000006,0.0,80.0
year1949_month04,358.3,0.0,203.7
year1949_month05,63.1,0.0,20.3
year1949_month06,15.3,0.0,6.4
year1949_month07,9.8,0.0,5.8
year1949_month08,74.69999999999999,0.0,12.7
year1949_month09,25.400000000000002,0.0,11.4
year1949_month10,2.5,0.0,2.5
year1949_month11,50.4,0.0,25.1
year1949_month12,132.4,0.0,57.4
year1950_month01,722.4999999999999,0.0,235.0
year1950_month02,336.59999999999997,0.0,103.4
year1950_month03,433.4,0.0,74.9
year1950_month04,459.90000000000003,0.0,118.1
year1950_month05,53.7,0.0,17.8
year1950_month06,76.6,0.0,31.2
year1950_month07,103.79999999999998,0.0,23.9
year1950_month08,0.5,0.0,0.5
year1950_month09,22.9,0.0,7.9
year1950_month10,33.5,0.0,20.3
year1950_month11,382.1,0.0,171.5
year1950_month12,548.0,0.0,97.8
year1951_month01,400.8,0.0,66.3
year1951_month02,67.5,0.0,20.3
year1951_month03,145.50000000000003,0.0,39.4
year1951_month04,17.599999999999998,0.0,11.7
year1951_month05,48.6,0.0,19.1
year1951_month06,43.5,0.0,19.1
year1951_month07,18.1,0.0,8.9
year1951_month08,28.5,0.0,7.1
year1951_month09,134.1,0.0,24.1
year1951_month10,51.2,0.0,17.8
year1951_month11,68.3,0.0,38.1
year1951_month12,9.9,0.0,8.9
year1952_month01,484.3999999999999,0.0,81.3
year1952_month02,180.10000000000002,0.0,40.1
year1952_month03,267.59999999999997,0.0,99.6
year1952_month04,153.7,0.0,55.9
year1952_month05,94.5,0.0,20.3
year1952_month06,14.4,0.0,11.4
year1952_month07,21.1,0.0,14.5
year1952_month08,97.2,0.0,48.3
year1952_month09,37.9,0.0,12.7
year1952_month10,48.99999999999999,0.0,25.4
year1952_month11,38.5,0.0,20.3
year1952_month12,41.5,0.0,15.5
year1953_month01,941.2,0.0,146.1
year1953_month02,265.1000000000001,0.0,92.7
year1953_month03,682.0,0.0,156.7
year1953_month04,254.49999999999997,0.0,77.0
year1953_month05,58.4,0.0,40.6
year1953_month06,35.800000000000004,0.0,10.2
year1953_month07,90.5,0.0,23.9
year1953_month08,43.50000000000001,0.0,15.0
year1953_month09,133.8,0.0,100.3
year1953_month10,16.5,0.0,14.2
year1953_month11,54.900000000000006,0.0,19.1
year1953_month12,125.89999999999998,0.0,38.4
year1954_month01,228.4,0.0,51.1
year1954_month02,327.80000000000007,0.0,59.9
year1954_month03,316.3,0.0,86.6
year1954_month04,287.59999999999997,0.0,42.7
year1954_month05,76.2,0.0,35.1
year1954_month06,95.69999999999999,0.0,24.1
year1954_month07,41.199999999999996,0.0,17.5
year1954_month08,108.7,0.0,20.6
year1954_month09,11.1,0.0,4.1
year1954_month10,120.69999999999999,0.0,35.1
year1954_month11,18.2,0.0,7.6
year1954_month12,51.699999999999996,0.0,17.5
year1955_month01,96.5,0.0,20.3
year1955_month02,922.1000000000003,0.0,127.0
year1955_month03,681.2999999999998,0.0,156.5
year1955_month04,205.8,0.0,54.6
year1955_month05,187.49999999999997,0.0,52.6
year1955_month06,177.70000000000005,0.0,48.5
year1955_month07,25.2,0.0,6.1
year1955_month08,24.199999999999996,0.0,13.7
year1955_month09,66.29999999999998,0.0,14.2
year1955_month10,55.599999999999994,0.0,28.2
year1955_month11,133.1,0.0,51.6
year1955_month12,30.2,0.0,15.2
year1956_month01,440.1000000000001,0.0,114.3
year1956_month02,267.0,0.0,50.3
year1956_month03,543.8000000000001,0.0,166.6
year1956_month04,155.10000000000002,0.0,33.5
year1956_month05,46.4,0.0,18.0
year1956_month06,46.199999999999996,0.0,27.7
year1956_month07,21.1,0.0,16.0
year1956_month08,29.0,0.0,13.2
year1956_month09,26.2,0.0,13.0
year1956_month10,34.800000000000004,0.0,19.3
year1956_month11,36.199999999999996,0.0,16.3
year1956_month12,322.5,0.0,83.1
year1957_month01,686.4999999999999,0.0,147.6
year1957_month02,385.00000000000006,0.0,149.1
year1957_month03,501.7,0.0,176.3
year1957_month04,116.89999999999999,0.0,36.1
year1957_month05,142.79999999999998,0.0,45.7
year1957_month06,130.1,0.0,30.7
year1957_month07,39.699999999999996,0.0,6.1
year1957_month08,0.0,0.0,0.0
year1957_month09,0.8,0.0,0.8
year1957_month10,14.5,0.0,9.1
year1957_month11,80.3,0.0,54.9
year1957_month12,57.4,0.0,30.2
year1958_month01,347.9,0.0,88.4
year1958_month02,527.1000000000001,0.0,136.1
year1958_month03,520.6999999999999,0.0,179.1
year1958_month04,251.00000000000003,0.0,137.9
year1958_month05,114.49999999999999,0.0,24.4
year1958_month06,79.69999999999999,0.0,29.7
year1958_month07,0.0,0.0,0.0
year1958_month08,41.4,0.0,14.7
year1958_month09,8.399999999999999,0.0,4.3
year1958_month10,2.3,0.0,1.3
year1958_month11,53.39999999999999,0.0,20.8
year1958_month12,87.89999999999999,0.0,48.3
year1959_month01,541.3000000000001,0.0,181.9
year1959_month02,299.4,0.0,77.2
year1959_month03,804.1999999999999,0.0,167.9
year1959_month04,176.89999999999998,0.0,36.3
year1959_month05,173.80000000000004,0.0,18.0
year1959_month06,121.3,0.0,49.8
year1959_month07,48.0,0.0,12.7
year1959_month08,118.1,0.0,28.4
year1959_month09,79.39999999999999,0.0,17.5
year1959_month10,0.0,0.0,0.0
year1959_month11,72.1,0.0,17.5
year1959_month12,286.7,0.0,121.9
year1960_month01,651.3000000000001,0.0,144.8
year1960_month02,276.9,0.0,99.6
year1960_month03,370.0,0.0,69.3
year1960_month04,47.0,0.0,10.2
year1960_month05,26.4,0.0,10.4
year1960_month06,62.1,0.0,22.1
year1960_month07,77.69999999999999,0.0,21.6
year1960_month08,10.3,0.0,3.0
year1960_month09,1.0,0.0,1.0
year1960_month10,19.6,0.0,15.0
year1960_month11,15.0,0.0,4.1
year1960_month12,53.3,0.0,14.2
year1961_month01,168.60000000000005,0.0,62.5
year1961_month02,62.19999999999999,0.0,10.4
year1961_month03,303.5,0.0,95.8
year1961_month04,169.60000000000002,0.0,31.0
year1961_month05,117.0,0.0,53.6
year1961_month06,8.1,0.0,2.8
year1961_month07,19.900000000000002,0.0,7.9
year1961_month08,18.299999999999997,0.0,8.9
year1961_month09,25.3,0.0,12.2
year1961_month10,26.6,0.0,18.8
year1961_month11,47.5,0.0,13.7
year1961_month12,111.4,0.0,43.4
year1962_month01,503.40000000000003,0.0,124.7
year1962_month02,478.40000000000003,0.0,130.6
year1962_month03,144.0,0.0,41.9
year1962_month04,140.1,0.0,41.7
year1962_month05,15.5,0.0,7.1
year1962_month06,109.0,0.0,30.7
year1962_month07,85.7,0.0,27.7
year1962_month08,17.5,0.0,14.2
year1962_month09,128.1,0.0,80.0
year1962_month10,0.0,0.0,0.0
year1962_month11,28.9,0.0,16.8
year1962_month12,37.5,0.0,5.1
year1963_month01,581.6999999999999,0.0,155.7
year1963_month02,959.4,0.0,169.2
year1963_month03,242.39999999999998,0.0,58.2
year1963_month04,524.7,0.0,240.8
year1963_month05,131.9,0.0,61.0
year1963_month06,30.1,0.0,17.8
year1963_month07,8.899999999999999,0.0,5.1
year1963_month08,13.000000000000002,0.0,8.9
year1963_month09,10.9,0.0,6.9
year1963_month10,65.0,0.0,16.0
year1963_month11,41.89999999999999,0.0,16.8
year1963_month12,114.39999999999998,0.0,40.6
year1964_month01,436.09999999999997,0.0,106.7
year1964_month02,393.70000000000005,0.0,136.1
year1964_month03,732.6,0.0,298.5
year1964_month04,121.0,0.0,42.9
year1964_month05,408.2,0.0,156.2
year1964_month06,10.2,0.0,4.6
year1964_month07,32.5,0.0,12.4
year1964_month08,22.200000000000003,0.0,7.9
year1964_month09,95.39999999999999,0.0,28.2
year1964_month10,136.0,0.0,38.4
year1964_month11,75.69999999999999,0.0,25.7
year1964_month12,296.7,0.0,233.9
year1965_month01,198.29999999999998,0.0,45.7
year1965_month02,376.5,0.0,110.0
year1965_month03,417.00000000000006,0.0,84.3
year1965_month04,242.4,0.0,75.9
year1965_month05,184.2,0.0,35.8
year1965_month06,204.50000000000003,0.0,62.2
year1965_month07,23.6,0.0,16.3
year1965_month08,7.2,0.0,3.6
year1965_month09,2.8,0.0,2.0
year1965_month10,54.39999999999999,0.0,21.3
year1965_month11,37.199999999999996,0.0,11.7
year1965_month12,175.3,0.0,30.5
year1966_month01,215.7,0.0,31.8
year1966_month02,83.6,0.0,38.1
year1966_month03,231.80000000000004,0.0,79.8
year1966_month04,124.8,0.0,25.1
year1966_month05,68.6,0.0,20.1
year1966_month06,73.8,0.0,14.2
year1966_month07,16.8,0.0,9.4
year1966_month08,64.49999999999999,0.0,14.2
year1966_month09,0.0,0.0,0.0
year1966_month10,11.299999999999999,0.0,3.6
year1966_month11,59.19999999999999,0.0,18.8
year1966_month12,71.10000000000001,0.0,15.7
year1967_month01,57.5,0.0,8.9
year1967_month02,549.9999999999999,0.0,228.1
year1967_month03,991.5,0.0,425.5
year1967_month04,156.50000000000006,0.0,40.6
year1967_month05,172.40000000000003,0.0,50.3
year1967_month06,113.19999999999999,0.0,51.1
year1967_month07,51.89999999999999,0.0,17.8
year1967_month08,13.299999999999999,0.0,5.3
year1967_month09,0.0,0.0,0.0
year1967_month10,41.3,0.0,29.5
year1967_month11,98.1,0.0,32.8
year1967_month12,37.5,0.0,19.1
year1968_month01,559.5999999999999,0.0,167.9
year1968_month02,794.0999999999998,0.0,237.5
year1968_month03,144.0,0.0,50.0
year1968_month04,220.1,0.0,122.2
year1968_month05,122.60000000000001,0.0,29.0
year1968_month06,10.2,0.0,7.9
year1968_month07,63.09999999999999,0.0,13.5
year1968_month08,23.900000000000002,0.0,21.6
year1968_month09,16.5,0.0,10.4
year1968_month10,9.9,0.0,5.1
year1968_month11,25.0,0.0,12.7
year1968_month12,43.099999999999994,0.0,21.6
year1969_month01,780.5999999999999,0.0,250.4
year1969_month02,221.6,0.0,78.5
year1969_month03,427.30000000000007,0.0,199.4
year1969_month04,70.69999999999999,0.0,22.4
year1969_month05,92.0,0.0,50.5
year1969_month06,99.3,0.0,25.7
year1969_month07,213.0,0.0,41.9
year1969_month08,30.000000000000004,0.0,8.4
year1969_month09,41.9,0.0,31.8
year1969_month10,39.69999999999999,0.0,17.8
year1969_month11,10.9,0.0,9.1
year1969_month12,145.0,0.0,45.7
year1970_month01,142.0,0.0,111.5
year1970_month02,459.19999999999993,0.0,179.1
year1970_month03,679.5,0.0,160.0
year1970_month04,182.10000000000002,0.0,44.5
year1970_month05,48.199999999999996,0.0,13.0
year1970_month06,38.699999999999996,0.0,10.9
year1970_month07,21.6,0.0,7.1
year1970_month08,69.3,0.0,36.8
year1970_month09,10.2,0.0,6.4
year1970_month10,31.5,0.0,10.7
year1970_month11,244.99999999999997,0.0,118.1
year1970_month12,195.70000000000002,0.0,57.2
year1971_month01,62.8,0.0,20.6
year1971_month02,515.3,0.0,144.8
year1971_month03,892.9999999999999,0.0,239.8
year1971_month04,587.0000000000001,0.0,147.3
year1971_month05,30.199999999999996,0.0,14.2
year1971_month06,46.99999999999999,0.0,18.0
year1971_month07,20.0,0.0,10.4
year1971_month08,15.999999999999998,0.0,4.6
year1971_month09,4.0,0.0,3.0
year1971_month10,7.7,0.0,7.4
year1971_month11,103.3,0.0,43.9
year1971_month12,142.0,0.0,87.9
year1972_month01,596.3,0.0,237.7
year1972_month02,804.6,0.0,181.6
year1972_month03,743.7,0.0,152.9
year1972_month04,97.39999999999998,0.0,25.1
year1972_month05,143.0,0.0,34.3
year1972_month06,113.2,0.0,34.5
year1972_month07,2.5,0.0,2.5
year1972_month08,11.999999999999998,0.0,4.8
year1972_month09,127.89999999999998,0.0,28.7
year1972_month10,0.0,0.0,0.0
year1972_month11,32.5,0.0,18.8
year1972_month12,35.800000000000004,0.0,10.9
year1973_month01,80.19999999999999,0.0,26.9
year1973_month02,391.0,0.0,99.1
year1973_month03,635.2,0.0,141.7
year1973_month04,463.09999999999985,0.0,98.0
year1973_month05,81.3,0.0,27.2
year1973_month06,105.49999999999999,0.0,26.7
year1973_month07,37.5,0.0,14.5
year1973_month08,16.099999999999998,0.0,11.2
year1973_month09,47.09999999999999,0.0,28.2
year1973_month10,73.7,0.0,23.6
year1973_month11,240.40000000000003,0.0,49.5
year1973_month12,654.8,0.0,172.7
year1974_month01,292.9,0.0,47.2
year1974_month02,832.8000000000001,0.0,437.0
year1974_month03,802.2,0.0,173.0
year1974_month04,65.0,0.0,24.0
year1974_month05,125.0,0.0,16.0
year1974_month06,11.4,0.0,6.0
year1974_month07,4.0,0.0,3.0
year1974_month08,31.0,0.0,18.0
year1974_month09,30.5,0.0,13.5
year1974_month10,13.0,0.0,11.0
year1974_month11,53.4,0.0,25.0
year1974_month12,295.0,0.0,244.0
year1975_month01,189.2,0.0,66.0
year1975_month02,532.0,0.0,142.0
year1975_month03,256.8,0.0,58.0
year1975_month04,180.0,0.0,57.0
year1975_month05,75.4,0.0,44.0
year1975_month06,111.0,0.0,42.0
year1975_month07,75.0,0.0,22.0
year1975_month08,31.0,0.0,16.0
year1975_month09,114.0,0.0,37.0
year1975_month10,154.8,0.0,68.0
year1975_month11,132.0,0.0,125.0
year1975_month12,768.3,0.0,182.0
year1976_month01,130.2,0.0,33.0
year1976_month02,442.0,0.0,178.5
year1976_month03,287.4,0.0,75.0
year1976_month04,189.4,0.0,45.0
year1976_month05,25.0,0.0,12.0
year1976_month06,8.0,0.0,6.0
year1976_month07,10.0,0.0,10.0
year1976_month08,10.0,0.0,10.0
year1976_month09,10.0,0.0,10.0
year1976_month10,17.0,0.0,9.0
year1976_month11,30.0,0.0,10.0
year1976_month12,484.5,0.0,222.5
year1977_month01,345.0,0.0,146.0
year1977_month02,994.5,0.0,168.0
year1977_month03,865.0,0.0,541.0
year1977_month04,456.0,0.0,108.0
year1977_month05,174.0,0.0,79.0
year1977_month06,60.8,0.0,21.0
year1977_month07,34.0,0.0,15.0
year1977_month08,95.0,0.0,31.0
year1977_month09,56.0,0.0,21.0
year1977_month10,27.0,0.0,10.0
year1977_month11,50.4,0.0,41.0
year1977_month12,85.6,0.0,38.0
year1978_month01,544.0,0.0,191.0
year1978_month02,210.8,0.0,67.0
year1978_month03,164.0,0.0,59.0
year1978_month04,86.0,0.0,73.0
year1978_month05,121.0,0.0,31.0
year1978_month06,5.0,0.0,4.0
year1978_month07,8.0,0.0,8.0
year1978_month08,43.0,0.0,22.0
year1978_month09,15.0,0.0,7.0
year1978_month10,138.5,0.0,56.0
year1978_month11,99.1,0.0,38.0
year1978_month12,164.7,0.0,74.0
year1979_month01,2940.0,0.0,535.0
year1979_month02,575.0,0.0,243.0
year1979_month03,593.8,0.0,292.0
year1979_month04,171.4,0.0,89.0
year1979_month05,85.0,0.0,15.0
year1979_month06,131.1,0.0,77.0
year1979_month07,33.4,0.0,13.0
year1979_month08,34.5,0.0,32.0
year1979_month09,17.4,0.0,8.0
year1979_month10,17.2,0.0,5.5
year1979_month11,4.7,0.0,4.0
year1979_month12,54.0,0.0,23.0
year1980_month01,162.5,0.0,47.0
year1980_month02,396.7,0.0,147.0
year1980_month03,340.5,0.0,65.0
year1980_month04,124.5,0.0,29.0
year1980_month05,121.0,0.0,32.0
year1980_month06,78.0,0.0,25.0
year1980_month07,35.0,0.0,15.0
year1980_month08,109.0,0.0,42.0
year1980_month09,0.0,0.0,0.0
year1980_month10,20.5,0.0,11.0
year1980_month11,28.0,0.0,15.0
year1980_month12,106.0,0.0,39.0
year1981_month01,1341.5,0.0,316.0
year1981_month02,537.0,0.0,248.0
year1981_month03,93.0,0.0,33.0
year1981_month04,74.0,0.0,13.0
year1981_month05,175.0,0.0,54.0
year1981_month06,7.0,0.0,6.0
year1981_month07,110.0,0.0,70.0
year1981_month08,0.0,0.0,0.0
year1981_month09,48.5,0.0,16.0
year1981_month10,33.0,0.0,7.0
year1981_month11,166.0,0.0,91.0
year1981_month12,68.4,0.0,21.0
year1982_month01,134.0,0.0,53.0
year1982_month02,120.0,0.0,25.0
year1982_month03,405.0,0.0,68.0
year1982_month04,309.0,0.0,92.0
year1982_month05,47.0,0.0,12.0
year1982_month06,21.5,0.0,12.0
year1982_month07,3.0,0.0,2.0
year1982_month08,111.5,0.0,18.0
year1982_month09,6.0,0.0,3.0
year1982_month10,9.0,0.0,9.0
year1982_month11,88.0,0.0,39.0
year1982_month12,49.0,0.0,13.0
year1983_month01,71.0,0.0,13.0
year1983_month02,8.5,0.0,4.0
year1983_month03,612.0,0.0,169.0
year1983_month04,98.0,0.0,26.0
year1983_month05,294.0,0.0,68.0
year1983_month06,12.0,0.0,9.0
year1983_month07,26.0,0.0,7.0
year1983_month08,95.5,0.0,33.0
year1983_month09,107.0,0.0,36.0
year1983_month10,91.0,0.0,87.0
year1983_month11,82.5,0.0,37.0
year1983_month12,82.0,0.0,27.0
year1984_month01,171.0,0.0,61.0
year1984_month02,476.0,0.0,71.0
year1984_month03,317.0,0.0,126.0
year1984_month04,106.0,0.0,74.0
year1984_month05,56.0,0.0,22.0
year1984_month06,35.0,0.0,19.0
year1984_month07,69.0,0.0,39.0
year1984_month08,7.0,0.0,7.0
year1984_month09,0.0,0.0,0.0
year1984_month10,48.0,0.0,16.0
year1984_month11,155.0,0.0,49.0
year1984_month12,117.0,0.0,32.0
year1985_month01,615.0,0.0,314.0
year1985_month02,687.5,0.0,281.0
year1985_month03,566.0,0.0,177.0
year1985_month04,235.0,0.0,69.0
year1985_month05,110.6,0.0,23.0
year1985_month06,18.2,0.0,12.0
year1985_month07,13.0,0.0,13.0
year1985_month08,15.5,0.0,11.0
year1985_month09,10.4,0.0,10.0
year1985_month10,91.0,0.0,33.0
year1985_month11,113.5,0.0,57.0
year1985_month12,43.5,0.0,15.0
year1986_month01,434.0,0.0,138.0
year1986_month02,266.0,0.0,108.0
year1986_month03,202.0,0.0,29.0
year1986_month04,333.0,0.0,104.0
year1986_month05,90.0,0.0,25.0
year1986_month06,69.0,0.0,27.0
year1986_month07,52.5,0.0,30.0
year1986_month08,48.5,0.0,14.0
year1986_month09,16.0,0.0,11.0
year1986_month10,39.0,0.0,29.0
year1986_month11,71.0,0.0,30.0
year1986_month12,55.0,0.0,17.0
year1987_month01,126.0,0.0,33.0
year1987_month02,661.0,0.0,213.0
year1987_month03,121.0,0.0,33.0
year1987_month04,313.0,0.0,63.0
year1987_month05,97.0,0.0,48.0
year1987_month06,160.0,0.0,50.0
year1987_month07,101.0,0.0,80.0
year1987_month08,38.0,0.0,30.0
year1987_month09,61.0,0.0,19.0
year1987_month10,32.0,0.0,32.0
year1987_month11,64.0,0.0,19.0
year1987_month12,161.0,0.0,36.0
year1988_month01,65.0,0.0,13.0
year1988_month02,149.0,0.0,33.0
year1988_month03,320.0,0.0,65.0
year1988_month04,72.0,0.0,17.0
year1988_month05,117.0,0.0,45.0
year1988_month06,18.0,0.0,13.0
year1988_month07,85.0,0.0,35.0
year1988_month08,59.0,0.0,30.0
year1988_month09,62.0,0.0,46.0
year1988_month10,30.0,0.0,25.0
year1988_month11,181.0,0.0,79.0
year1988_month12,305.0,0.0,77.0
year1989_month01,236.0,0.0,50.0
year1989_month02,2.5000000000000004,0.0,0.6
year1989_month03,8.2,0.0,1.5
year1989_month04,580.0,0.0,178.0
year1989_month05,21.3,0.0,6.4
year1989_month06,9.7,0.0,4.5
year1989_month07,23.1,0.0,9.0
year1989_month08,7.0,0.0,7.0
year1989_month09,11.0,0.0,6.0
year1989_month10,0.0,0.0,0.0
year1989_month11,42.80000000000001,0.0,27.9
year1989_month12,171.0,0.0,57.0
year1990_month01,138.0,0.0,38.0
year1990_month02,27.0,0.0,21.0
year1990_month03,663.0,0.0,197.0
year1990_month04,267.0,0.0,70.0
year1990_month05,277.0,0.0,57.0
year1990_month06,102.0,0.0,60.0
year1990_month07,26.0,0.0,7.0
year1990_month08,0.0,0.0,0.0
year1990_month09,77.0,0.0,21.0
year1990_month10,16.0,0.0,8.0
year1990_month11,20.0,0.0,13.0
year1990_month12,316.0,0.0,150.0
year1991_month01,681.0,0.0,138.0
year1991_month02,762.0,0.0,152.0
year1991_month03,72.0,0.0,47.0
year1991_month04,96.5,0.0,14.5
year1991_month05,117.0,0.0,17.0
year1991_month06,34.0,0.0,12.0
year1991_month07,52.0,0.0,23.0
year1991_month08,14.0,0.0,10.0
year1991_month09,0.0,0.0,0.0
year1991_month10,3.0,0.0,3.0
year1991_month11,36.0,0.0,19.0
year1991_month12,88.0,0.0,41.0
year1992_month01,99.0,0.0,34.0
year1992_month02,265.0,0.0,46.0
year1992_month03,122.0,0.0,83.0
year1992_month04,201.0,0.0,49.0
year1992_month05,184.0,0.0,61.0
year1992_month06,9.0,0.0,4.0
year1992_month07,49.0,0.0,11.0
year1992_month08,37.0,0.0,14.0
year1992_month09,16.0,0.0,9.0
year1992_month10,16.0,0.0,11.0
year1992_month11,7.0,0.0,5.0
year1992_month12,444.0,0.0,130.0
year1993_month01,482.0,0.0,128.0
year1993_month02,234.0,0.0,53.0
year1993_month03,39.0,0.0,20.0
year1993_month04,255.0,0.0,61.0
year1993_month05,95.0,0.0,21.0
year1993_month06,110.0,0.0,24.0
year1993_month07,95.0,0.0,13.0
year1993_month08,39.0,0.0,12.0
year1993_month09,93.5,0.0,32.5
year1993_month10,22.0,0.0,11.0
year1993_month11,44.5,0.0,42.0
year1993_month12,157.0,0.0,38.0
year1994_month01,452.0,0.0,298.0
year1994_month02,606.0,0.0,169.0
year1994_month03,60.0,0.0,18.0
year1994_month04,215.0,0.0,69.0
year1994_month05,58.0,0.0,21.0
year1994_month06,56.0,0.0,32.0
year1994_month07,134.0,0.0,26.0
year1994_month08,46.0,0.0,10.0
year1994_month09,35.0,0.0,25.0
year1994_month10,22.5,0.0,12.5
year1994_month11,25.0,0.0,16.0
year1994_month12,9.1,0.0,5.5
year1995_month01,119.8,0.0,67.0
year1995_month02,745.9,0.0,147.0
year1995_month03,755.0,0.0,229.0
year1995_month04,18.5,0.0,8.0
year1995_month05,160.0,0.0,39.0
year1995_month06,118.0,0.0,39.0
year1995_month07,21.7,0.0,20.0
year1995_month08,232.0,0.0,39.0
year1995_month09,9.0,0.0,4.0
year1995_month10,83.0,0.0,33.0
year1995_month11,45.0,0.0,15.0
year1995_month12,89.0,0.0,39.0
year1996_month01,358.0,0.0,178.0
year1996_month02,269.0,0.0,52.0
year1996_month03,687.0,0.0,202.0
year1996_month04,185.0,0.0,77.0
year1996_month05,108.0,0.0,17.0
year1996_month06,96.0,0.0,24.0
year1996_month07,52.0,0.0,33.0
year1996_month08,14.0,0.0,9.0
year1996_month09,11.0,0.0,10.0
year1996_month10,256.0,0.0,101.0
year1996_month11,60.0,0.0,40.0
year1996_month12,390.0,0.0,168.0
year1997_month01,430.0,0.0,76.0
year1997_month02,508.0,0.0,100.0
year1997_month03,540.0,0.0,275.0
year1997_month04,66.0,0.0,11.0
year1997_month05,28.5,0.0,6.0
year1997_month06,70.0,0.0,12.0
year1997_month07,40.0,0.0,8.0
year1997_month08,96.5,0.0,42.0
year1997_month09,99.0,0.0,54.0
year1997_month10,52.5,0.0,14.0
year1997_month11,121.0,0.0,82.0
year1997_month12,476.5,0.0,129.0
year1998_month01,398.2,0.0,129.0
year1998_month02,514.5,0.0,163.0
year1998_month03,153.5,0.0,42.0
year1998_month04,171.0,0.0,58.0
year1998_month05,120.5,0.0,17.0
year1998_month06,45.0,0.0,20.0
year1998_month07,57.5,0.0,12.0
year1998_month08,156.0,0.0,135.0
year1998_month09,142.5,0.0,44.0
year1998_month10,88.5,0.0,35.0
year1998_month11,190.0,0.0,47.0
year1998_month12,242.0,0.0,75.0
year1999_month01,261.5,0.0,78.0
year1999_month02,1104.0,0.0,408.0
year1999_month03,734.0,0.0,154.0
year1999_month04,254.0,0.0,46.5
year1999_month05,33.5,0.0,7.0
year1999_month06,40.0,0.0,8.0
year1999_month07,58.0,0.0,27.0
year1999_month08,68.0,0.0,29.0
year1999_month09,94.5,0.0,29.5
year1999_month10,55.5,0.0,19.0
year1999_month11,259.0,0.0,40.0
year1999_month12,180.0,0.0,50.0
year2000_month01,114.0,0.0,41.0
year2000_month02,1531.5,0.0,247.0
year2000_month03,499.5,0.0,78.0
year2000_month04,517.0,0.0,117.0
year2000_month05,108.0,0.0,51.0
year2000_month06,50.5,0.0,8.0
year2000_month07,7.0,0.0,3.0
year2000_month08,81.0,0.0,43.0
year2000_month09,13.5,0.0,8.0
year2000_month10,49.5,0.0,14.0
year2000_month11,224.5,0.0,94.0
year2000_month12,607.0,0.0,202.0
year2001_month01,255.0,0.0,77.0
year2001_month02,890.0,0.0,172.0
year2001_month03,161.0,0.0,42.0
year2001_month04,223.0,0.0,42.0
year2001_month05,5.0,0.0,3.0
year2001_month06,137.0,0.0,16.0
year2001_month07,8.0,0.0,4.0
year2001_month08,18.0,0.0,8.0
year2001_month09,25.0,0.0,6.0
year2001_month10,95.0,0.0,59.0
year2001_month11,108.0,0.0,29.0
year2001_month12,15.0,0.0,7.0
year2002_month01,91.5,0.0,16.0
year2002_month02,360.5,0.0,161.0
year2002_month03,77.5,0.0,10.0
year2002_month04,135.0,0.0,29.0
year2002_month05,114.0,0.0,42.0
year2002_month06,4.5,0.0,2.0
year2002_month07,7.0,0.0,6.0
year2002_month08,77.0,0.0,22.0
year2002_month09,3.0,0.0,1.0
year2002_month10,0.0,0.0,0.0
year2002_month11,28.0,0.0,10.0
year2002_month12,141.0,0.0,90.0
year2003_month01,245.0,0.0,143.0
year2003_month02,198.0,0.0,50.0
year2003_month03,231.5,0.0,69.0
year2003_month04,208.0,0.0,112.0
year2003_month05,108.4,0.0,29.0
year2003_month06,58.5,0.0,19.0
year2003_month07,60.0,0.0,10.0
year2003_month08,44.5,0.0,22.0
year2003_month09,10.0,0.0,7.0
year2003_month10,17.0,0.0,6.0
year2003_month11,27.5,0.0,10.0
year2003_month12,215.5,0.0,69.0
year2004_month01,262.0,0.0,87.0
year2004_month02,728.5,0.0,181.0
year2004_month03,1296.0,0.0,224.0
year2004_month04,278.0,0.0,51.5
year2004_month05,65.0,0.0,19.0
year2004_month06,51.5,0.0,12.0
year2004_month07,71.0,0.0,20.0
year2004_month08,10.0,0.0,8.0
year2004_month09,10.0,0.0,3.0
year2004_month10,36.0,0.0,16.0
year2004_month11,70.0,0.0,24.0
year2004_month12,273.0,0.0,69.0
year2005_month01,474.0,0.0,132.0
year2005_month02,135.5,0.0,70.0
year2005_month03,380.5,0.0,269.0
year2005_month04,238.5,0.0,28.0
year2005_month05,40.0,0.0,10.0
year2005_month06,64.0,0.0,19.0
year2005_month07,114.0,0.0,33.0
year2005_month08,143.5,0.0,23.0
year2005_month09,4.0,0.0,2.0
year2005_month10,29.0,0.0,19.0
year2005_month11,35.0,0.0,10.0
year2005_month12,73.0,0.0,56.0
year2006_month01,376.0,0.0,80.0
year2006_month02,201.0,0.0,67.0
year2006_month03,665.0,0.0,203.0
year2006_month04,932.0,0.0,381.0
year2006_month05,64.5,0.0,32.0
year2006_month06,158.5,0.0,75.0
year2006_month07,76.0,0.0,20.0
year2006_month08,24.0,0.0,9.0
year2006_month09,147.0,0.0,94.0
year2006_month10,151.0,0.0,33.0
year2006_month11,39.0,0.0,11.0
year2006_month12,102.0,0.0,22.0
year2007_month01,272.5,0.0,58.0
year2007_month02,835.5,0.0,201.0
year2007_month03,240.0,0.0,65.0
year2007_month04,124.0,0.0,35.0
year2007_month05,98.5,0.0,20.0
year2007_month06,72.5,0.0,17.0
year2007_month07,24.5,0.0,7.0
year2007_month08,37.0,0.0,7.5
year2007_month09,6.0,0.0,3.0
year2007_month10,67.0,0.0,26.0
year2007_month11,89.5,0.0,16.0
year2007_month12,580.0,0.0,212.0
year2008_month01,513.5,0.0,159.0
year2008_month02,555.0,0.0,127.0
year2008_month03,909.0,0.0,309.0
year2008_month04,15.5,0.0,5.0
year2008_month05,48.0,0.0,12.0
year2008_month06,38.0,0.0,7.0
year2008_month07,91.0,0.0,35.0
year2008_month08,9.5,0.0,4.0
year2008_month09,51.5,0.0,15.0
year2008_month10,98.0,0.0,28.0
year2008_month11,142.0,0.0,52.0
year2008_month12,170.0,0.0,47.0
year2009_month01,837.0,0.0,245.0
year2009_month02,552.0,0.0,103.0
year2009_month03,174.0,0.0,73.0
year2009_month04,153.0,0.0,55.0
year2009_month05,109.0,0.0,22.0
year2009_month06,12.0,0.0,9.0
year2009_month07,17.0,0.0,7.0
year2009_month08,12.0,0.0,6.0
year2009_month09,6.5,0.0,3.0
year2009_month10,37.0,0.0,13.0
year2009_month11,245.0,0.0,82.0
year2009_month12,101.0,0.0,23.0
year2010_month01,780.0,0.0,154.0
year2010_month02,270.5,0.0,53.0
year2010_month03,516.0,0.0,123.0
year2010_month04,254.5,0.0,45.0
year2010_month05,40.0,0.0,13.0
year2010_month06,16.0,0.0,4.0
year2010_month07,66.0,0.0,14.0
year2010_month08,93.0,0.0,36.0
year2010_month09,107.0,0.0,49.0
year2010_month10,229.5,0.0,36.0
year2010_month11,154.5,0.0,32.0
year2010_month12,462.0,0.0,114.0
year2011_month01,550.5,0.0,114.0
year2011_month02,856.0,0.0,162.0
year2011_month03,504.0,0.0,198.0
year2011_month04,155.5,0.0,47.0
year2011_month05,31.0,0.0,7.0
year2011_month06,84.0,0.0,56.0
year2011_month07,37.0,0.0,12.0
year2011_month08,23.0,0.0,10.0
year2011_month09,32.5,0.0,20.0
year2011_month10,305.0,0.0,150.0
year2011_month11,77.0,0.0,19.0
year2011_month12,176.0,0.0,83.0
year2012_month01,309.0,0.0,65.0
year2012_month02,218.0,0.0,38.0
year2012_month03,875.0,0.0,141.0
year2012_month04,289.0,0.0,120.0
year2012_month05,224.5,0.0,110.0
year2012_month06,32.5,0.0,11.0
year2012_month07,99.0,0.0,88.0
year2012_month08,17.5,0.0,6.0
year2012_month09,8.5,0.0,4.0
year2012_month10,48.0,0.0,13.0
year2012_month11,30.0,0.0,10.0
year2012_month12,52.0,0.0,20.0
year2013_month01,585.5,0.0,235.0
year2013_month02,120.0,0.0,60.0
year2013_month03,274.0,0.0,54.0
year2013_month04,93.5,0.0,33.0
year2013_month05,205.0,0.0,43.0
year2013_month06,41.0,0.0,7.0
year2013_month07,80.0,0.0,9.0
year2013_month08,8.0,0.0,5.0
year2013_month09,58.0,0.0,23.0
year2013_month10,53.0,0.0,34.0
year2013_month11,253.0,0.0,98.0
year2013_month12,76.5,0.0,19.0
year2014_month01,334.0,0.0,50.0
year2014_month02,595.0,0.0,156.0
year2014_month03,508.0,0.0,152.0
year2014_month04,547.0,0.0,200.0
year2014_month05,133.0,0.0,18.0
year2014_month06,100.0,0.0,34.0
year2014_month07,40.0,0.0,9.0
year2014_month08,54.5,0.0,21.0
year2014_month09,4.0,0.0,4.0
year2014_month10,14.0,0.0,4.0
year2014_month11,32.0,0.0,13.0
year2014_month12,98.0,0.0,73.0
year2015_month01,296.5,0.0,44.0
year2015_month02,603.5,0.0,230.0
year2015_month03,369.0,0.0,161.0
year2015_month04,78.0,0.0,22.0
year2015_month05,53.0,0.0,15.0
year2015_month06,267.5,0.0,52.0
year2015_month07,35.5,0.0,9.0
year2015_month08,29.0,0.0,18.0
year2015_month09,42.0,0.0,19.0
year2015_month10,87.5,0.0,13.0
year2015_month11,88.0,0.0,21.0
year2015_month12,493.0,0.0,155.0
year2016_month01,121.5,0.0,81.0
year2016_month02,101.5,0.0,69.0
year2016_month03,244.0,0.0,63.0
year2016_month04,135.0,0.0,19.0
year2016_month05,215.5,0.0,112.0
year2016_month06,154.0,0.0,60.0
year2016_month07,146.0,0.0,45.0
year2016_month08,62.0,0.0,15.0
year2016_month09,49.0,0.0,11.0
year2016_month10,56.5,0.0,33.0
year2016_month11,24.0,0.0,7.0
year2016_month12,91.0,0.0,31.0
year2017_month01,386.0,0.0,88.0
year2017_month02,423.0,0.0,110.0
year2017_month03,126.0,0.0,39.0
year2017_month04,183.5,0.0,64.0
year2017_month05,90.0,0.0,27.0
year2017_month06,63.0,0.0,12.0
year2017_month07,102.0,0.0,32.0
year2017_month08,3.0,0.0,2.0
year2017_month09,31.5,0.0,25.0
year2017_month10,233.0,0.0,172.0
year2017_month11,115.0,0.0,30.0
year2017_month12,38.0,0.0,14.0
year2018_month01,514.5,0.0,165.0
year2018_month02,350.0,0.0,67.0
year2018_month03,1216.0,0.0,403.0
year2018_month04,64.0,0.0,22.0
year2018_month05,57.5,0.0,14.0
year2018_month06,64.0,0.0,11.0
year2018_month07,60.0,0.0,35.0
year2018_month08,4.0,0.0,4.0
year2018_month09,14.5,0.0,8.0
year2018_month10,23.3,0.0,13.0
year2018_month11,66.3,0.0,18.0
year2018_month12,1124.5,0.0,239.0
year2019_month01,976.5,0.0,350.0
year2019_month02,323.0,0.0,86.0
year2019_month03,512.5,0.0,116.0
year2019_month04,255.0,0.0,121.0
year2019_month05,143.5,0.0,24.0
year2019_month06,105.5,0.0,37.0
year2019_month07,55.0,0.0,18.0
year2019_month08,41.5,0.0,32.0
year2019_month09,2.5,0.0,1.5
year2019_month10,82.5,0.0,38.0
year2019_month11,5.4,0.0,2.0
year2019_month12,97.5,0.0,25.0
year2020_month01,507.5,0.0,225.0
year2020_month02,278.5,0.0,60.0
year2020_month03,167.5,0.0,35.0
year2020_month04,33.0,0.0,12.0
year2020_month05,214.5,0.0,87.0
year2020_month06,76.5,0.0,21.5
year2020_month07,82.0,0.0,45.0
year2020_month08,23.5,0.0,7.5
year2020_month09,126.5,0.0,32.0
year2020_month10,13.5,0.0,3.0
year2020_month11,56.5,0.0,12.0
year2020_month12,198.5,0.0,63.0
year2021_month01,589.5,0.0,74.0
year2021_month02,220.0,0.0,74.0
year2021_month03,143.0,0.0,71.0
year2021_month04,680.5,0.0,168.0
year2021_month05,83.7,0.0,19.5
year2021_month06,63.0,0.0,25.8
year2021_month07,57.1,0.0,32.5
year2021_month08,45.8,0.0,14.8
year2021_month09,23.6,0.0,5.0
year2021_month10,19.0,0.0,7.8
